1223103
1148686
1250194
1183321
1250147
1250179
1250168
1250144
1249958
1250135
1249947
1247805
1249916
1249981
1249714
1250074
1250091
1250092
1250064
1249235
1250045
1200812
1250051
1249803
1250012
1047810
1250013
1249975
1249983
1249933
1249959
1249928
1142319
1249938
1249925
1249917
1249913
1249705
1249905
1249515
1249896
1249886
1249891
1249872
1125417
1249865
1049190
1249864
1249860
1249853
1247705
1249697
1249094
1249085
1245795
1225016
1249685
1249665
1249716
1249668
1061262
1249642
1249663
1248485
1249684
1249651
1249610
1248389
1195712
1249607
1249033
1249609
1249603
1249597
1249616
1249587
1249591
1249589
1249601
1249581
1249578
1249496
1249569
1249568
1249548
1249540
1249182
1249558
1249520
1249525
1249511
1249514
1249510
1082801
1249450
1249321
1249461
1249439
1249431
1249424
1249426
1249414
1248928
1249402
1069520
1249328
1249364
1249128
1249349
1249106
1249313
1249304
1249289
1249284
1249287
1249278
1249276
1249087
1249249
1249255
1249252
1249240
1249256
1249242
1249207
1249208
1249197
1249189
1249198
1249214
1249202
1245604
1249193
1245781
1249072
1249104
1249009
1249029
1249116
1249017
1249048
1191123
1249005
1162566
1248988
1248965
1248989
1248972
1248775
1248984
1250778
1250825
1250834
1250806
1250789
1100485
1250837
1250742
1250826
1034721
1250540
1250726
1250741
1250735
1250750
1250783
1250769
1250795
1250764
1250810
1250537
1250643
1140721
1250667
1250655
1250695
1250645
1250646
1250719
1250733
1250546
1250570
1235795
1250591
1250586
1250606
1250597
1250636
1234589
1250616
1250477
1250479
1250482
1232653
1250525
1250488
1250519
1250491
1250513
1248679
1250452
1250454
1250457
1250460
1250463
1248648
1144858
1250752
1250855
1250995
1251017
1251007
1250776
1195443
1251011
1142712
1251019
1250767
1251074
1251071
1250996
1251004
1251023
1251065
1251047
1251091
1251078
1251103
1251104
1251152
1250371
1250396
1249727
1248394
985145
1248926
1251139
1251112
1160947
1251164
1250267
1250255
1250348
1250292
1250362
1250363
1250869
1251200
1251055
1251243
1250204
1250235
1250224
1250246
1250244
1250254
1250249
1250202
1250228
1250210
1249993
1248054
1250207
1250790
1251090
1251319
1251322
1251327
1251328
1251353
1251372
1251347
1251395
1251414
1251440
1251449
1251457
1251462
1251129
1251479
1139572
1251528
1251519
1251555
1251428
1251546
1251578
1251557
1251556
1251558
1251551
1251595
1251186
1251082
1251568
1247433
1251663
1251665
1251671
1251687
1251694
1251707
1251723
1251718
1251727
1251746
1251761
1251737
1251774
1251756
1251767
1181486
1251768
1251669
1241133
1251794
1251812
1251788
1251844
1251846
1251826
1251897
1251918
1251920
1251927
1251934
1251933
1251938
1251939
1251943
1251954
1251958
1251961
1251945
1231901
1251966
1050772
1251964
1251971
1251975
1251096
1252012
1252043
1252051
1252047
1238396
1252106
1252132
1252250
1252259
1143404
1252270
1252273
1252260
1252293
1252288
1252304
999621
1252205
1252220
1252233
1252251
1252253
1252334
1252298
1252328
1252323
1252318
1252136
1252133
1252180
1251182
1252187
1252194
1252197
1252357
1252363
1252468
1252447
1252432
1251752
1252509
1252522
1252520
1222927
1252589
1252561
1252560
1252596
1252634
1252656
1252680
1252437
1252510
1252514
1252516
1252644
1252683
1252689
1252697
1249755
1211213
1252580
1252612
1252593
1252786
1252790
1252794
1252793
1252799
1226385
1252829
1252841
1252849
1252864
1252846
1252890
1150022
1252902
1252882
1252886
1252899
1252904
1252810
1252684
1252865
1166869
1252816
1251040
1252910
1253101
1253111
1253127
1253153
1253164
1252872
1253134
1253161
1253175
1253116
1253221
1253235
1253243
1218743
1253212
1253262
1222897
1253269
1253245
1253256
986241
1253098
1253109
1253123
1253329
1253325
1253345
1242276
1242221
1253393
1253401
1253405
1253418
987656
1253431
1253447
1253444
1253459
1253514
1253580
1253529
1253550
1253603
1253575
1253596
1253557
1253631
1253591
1253483
1253474
1253612
1253586
1253593
1253681
1253679
1253669
1253614
1253715
1252913
1253255
1253698
1253728
1253638
1253766
1253773
1253776
1253780
1253795
1253814
1253658
1253886
1253853
1253846
1253762
1253768
1253540
1253863
1253872
1253899
1253178
1253921
1253949
1253673
1253942
1168566
1253916
1253982
1253989
1253983
1253630
1253933
1253524
987866
1254034
1253767
1254047
1254093
1254100
1253588
1254107
1254138
1254160
1254149
1254153
1254143
1254165
1254175
1254135
1254200
1254234
1254108
1254122
1254126
1254243
1254325
1253634
1254334
1253675
1253420
1254408
1253594
1254407
1108744
1254436
1054607
1254450
1247211
1243791
1254444
985289
1254491
1118690
1254500
1220718
1254467
1254493
1254499
1254481
999875
1254565
1254545
1254533
1254597
1254581
1254582
1254630
1254611
1254623
1254664
1254662
1254497
1253597
1254753
1254518
1254757
1254788
1254794
1247223
1254847
1110303
1254779
1254878
1254837
1254885
1254867
1212216
1254496
1254762
1254771
1254765
1254767
1254819
1254803
1254778
1254915
1254913
1254854
1254987
1254916
1254996
984549
1255000
1255004
1255010
1255047
1151001
1255025
1210723
1255062
1243771
1255086
1212556
1255006
1238460
1255018
1255050
1255147
1254961
1255024
1255054
1255193
1255203
1255197
1255031
1254992
1255262
1255163
1255172
1255277
1255271
1255288
1255272
1236624
1235448
1255303
1255335
1255327
